Top 1 accuracy:
0.18828812482990112

Top 5 accuracy:
probas shape: (22046, 227)
0.05166470107956092

                 precision    recall  f1-score   support

              1       0.00      0.00      0.00         1
             10       0.22      0.70      0.34       556
             14       0.41      0.14      0.21       203
              2       0.00      0.00      0.00         1
             20       0.18      0.17      0.18       398
             23       0.32      0.26      0.29       306
              3       0.00      0.00      0.00        68
             30       0.32      0.22      0.26       313
              4       0.00      0.00      0.00        46
             40       0.00      0.00      0.00       176
              5       0.00      0.00      0.00        40
             50       0.00      0.00      0.00       135
              6       0.00      0.00      0.00        32
             60       0.33      0.01      0.02       124
              7       0.00      0.00      0.00        21
             70       0.00      0.00      0.00        74
              8       0.00      0.00      0.00        20
             80       0.00      0.00      0.00        88
              9       0.00      0.00      0.00        17
             90       0.00      0.00      0.00        76
             AB       0.14      0.01      0.02       114
             AD       0.00      0.00      0.00        13
             AG       0.00      0.00      0.00        11
             AH       0.00      0.00      0.00         1
             AM       0.00      0.00      0.00       196
             AN       0.00      0.00      0.00        20
           ANŠE       1.00      0.08      0.15        12
    ANŠE.KUR.RA       0.11      0.06      0.08       667
             AP       0.00      0.00      0.00        64
             AT       0.00      0.00      0.00         1
             AZ       0.00      0.00      0.00        19
             AŠ       0.16      0.09      0.12       530
             BA       0.10      0.01      0.01       170
            BAD       0.14      0.07      0.09       356
            BAK       0.00      0.00      0.00         1
            BAR       0.00      0.00      0.00         2
            BAT       0.00      0.00      0.00         5
             BE       0.00      0.00      0.00        19
             BU       0.38      0.07      0.12       327
             DA       0.08      0.07      0.07       594
            DAŠ       0.00      0.00      0.00         1
            DIŠ       0.00      0.00      0.00         6
           DUMU       0.18      0.09      0.12       552
             EL       0.00      0.00      0.00        22
             EN       0.00      0.00      0.00         2
EPIGRAPHIC UNIT       0.00      0.00      0.00         4
         EŠŠANA       0.00      0.00      0.00        67
              G       0.00      0.00      0.00         8
         GEŠTIN       0.33      0.01      0.01       180
            GIG       0.00      0.00      0.00        42
            GIR       0.00      0.00      0.00        34
            GI₄       0.00      0.00      0.00       105
          GURUŠ       0.00      0.00      0.00         6
             HA       0.00      0.00      0.00        22
            HAL       0.22      0.77      0.34      1332
          HALAN       0.07      0.01      0.01       173
             HI       0.00      0.00      0.00       152
             HU       0.39      0.08      0.13       237
              I       0.00      0.00      0.00        97
             IA       0.00      0.00      0.00        12
             IB       0.00      0.00      0.00       275
             ID       0.00      0.00      0.00        16
             IH       0.00      0.00      0.00         6
             IK       0.00      0.00      0.00         1
             IM       0.00      0.00      0.00        68
             IP       0.00      0.00      0.00        39
             IR       0.60      0.04      0.07       162
             IS       0.00      0.00      0.00       147
             IT       0.00      0.00      0.00         1
            ITI       0.00      0.00      0.00         4
             IZ       0.33      0.14      0.19       274
             IŠ       0.15      0.22      0.18       887
            KAK       0.00      0.00      0.00         1
            KAM       0.00      0.00      0.00         7
           KAP₀       0.00      0.00      0.00         3
            KAR       0.00      0.00      0.00        59
           KAT₇       0.00      0.00      0.00         2
           KAZ₀       0.00      0.00      0.00         2
            KAŠ       0.00      0.00      0.00        60
            KA₄       0.12      0.03      0.05       486
             KI       0.30      0.11      0.16       409
            KIN       0.00      0.00      0.00         5
            KUR       0.22      0.01      0.02       170
            KUT       0.11      0.05      0.07       425
            KUŠ       0.00      0.00      0.00         1
            KÁN       0.00      0.00      0.00        37
            KÚM       0.00      0.00      0.00         1
              L       0.00      0.00      0.00        41
             LA       0.00      0.00      0.00        45
             LI       0.00      0.00      0.00         2
             LT       0.00      0.00      0.00       104
             LU       0.00      0.00      0.00       117
             MA       0.00      0.00      0.00        11
           MAK₀       0.22      0.35      0.27       631
            MAN       0.00      0.00      0.00         4
            MAR       0.38      0.03      0.05       226
            MAS       0.00      0.00      0.00       150
           MAZ₀       0.00      0.00      0.00         4
            MAŠ       0.00      0.00      0.00        18
             ME       0.18      0.07      0.10       338
            MEŠ       0.20      0.50      0.28       820
             MI       0.18      0.04      0.07       228
            MIN       0.22      0.06      0.09       200
             MU       0.00      0.00      0.00         3
           MUZ₀       0.00      0.00      0.00        51
            MUŠ       0.00      0.00      0.00         2
          MUŠEN       0.00      0.00      0.00         1
            MÍN       0.40      0.01      0.02       188
              N       0.00      0.00      0.00         7
             NA       0.00      0.00      0.00        19
            NAP       0.16      0.67      0.26      1586
             NU       0.00      0.00      0.00       122
          NUMUN       0.00      0.00      0.00        39
              P       0.00      0.00      0.00       148
            P+R       0.00      0.00      0.00         2
             PA       0.00      0.00      0.00         7
            PAP       0.00      0.00      0.00        67
             PI       1.00      0.01      0.02       113
             PU       0.00      0.00      0.00       100
            PÁR       0.00      0.00      0.00        41
            PÍR       0.00      0.00      0.00        37
             QA       0.00      0.00      0.00       203
              R       0.00      0.00      0.00        41
             RA       0.00      0.00      0.00        10
            RAD       0.00      0.00      0.00         1
           RAK₀       0.14      0.05      0.07       359
            RAT       0.00      0.00      0.00         1
             RU       0.47      0.09      0.15       166
            RÁB       0.00      0.00      0.00         3
            RÁP       0.00      0.00      0.00         6
            RÁŠ       0.00      0.00      0.00        49
              S       0.00      0.00      0.00        20
             SA       0.00      0.00      0.00        61
             SI       0.19      0.03      0.05       282
             SU       0.00      0.00      0.00         6
              T       0.00      0.00      0.00         6
             TA       0.00      0.00      0.00         4
            TAB       0.00      0.00      0.00         2
            TAL       0.00      0.00      0.00         2
           TAM₅       0.00      0.00      0.00         1
           TAM₆       0.00      0.00      0.00        10
            TAN       0.00      0.00      0.00        27
            TAP       0.00      0.00      0.00         2
            TAR       0.00      0.00      0.00        62
            TAŠ       0.00      0.00      0.00        23
             TE       0.00      0.00      0.00       174
             TI       0.14      0.00      0.01       213
            TIN       0.00      0.00      0.00        38
             TU       0.00      0.00      0.00        16
            TUB       0.00      0.00      0.00        16
            TUK       0.00      0.00      0.00        63
            TUR       0.00      0.00      0.00        25
            TU₄       0.00      0.00      0.00        43
              U       0.00      0.00      0.00        76
             UD       0.00      0.00      0.00        53
            UDU       0.00      0.00      0.00        69
             UG       0.00      0.00      0.00        18
             UH       0.00      0.00      0.00         5
             UL       0.00      0.00      0.00        37
             UM       0.25      0.21      0.23       261
             UN       0.17      0.01      0.01       195
             UR       0.00      0.00      0.00       152
             UT       0.00      0.00      0.00         7
            X X       0.25      0.06      0.10        16
            Z+D       0.00      0.00      0.00        81
             ZA       0.00      0.00      0.00         5
            ZAB       0.00      0.00      0.00       109
            ZAP       0.00      0.00      0.00         1
             ZI       0.00      0.00      0.00        15
            ZIB       0.00      0.00      0.00         1
           ZIK₀       0.00      0.00      0.00         3
             ZÍ       0.00      0.00      0.00       113
              ¦       0.00      0.00      0.00         7
              ½       0.11      0.01      0.01       168
             ÁŠ       0.00      0.00      0.00        34
             ÍP       0.00      0.00      0.00         5
              Ú       0.00      0.00      0.00        47
              Š       0.00      0.00      0.00        80
           ŠAP₀       0.00      0.00      0.00         1
             ŠE       0.00      0.00      0.00         2
           ŠIB₀       0.33      0.00      0.01       226
           ŠIR₈       0.50      0.01      0.02        97
             ŠÀ       0.00      0.00      0.00         8
             ŠÁ       0.13      0.16      0.14       326
              ʾ       0.00      0.00      0.00         1
            ḪAR       0.00      0.00      0.00         1

       accuracy                           0.19     22046
      macro avg       0.07      0.03      0.03     22046
   weighted avg       0.16      0.19      0.12     22046

